0 0.75 0.03758389261744966 0.012544802867383513 0.008053691275167784
0 0.9883512544802867 0.148993288590604 0.016129032258064516 0.013422818791946308
0 0.9543010752688172 0.24093959731543624 0.016129032258064516 0.012080536912751677
0 0.24283154121863798 0.34697986577181206 0.012544802867383513 0.009395973154362415
0 0.16845878136200718 0.3657718120805369 0.017921146953405017 0.012080536912751677
0 0.6487455197132617 0.3483221476510067 0.017921146953405017 0.01476510067114094
0 0.3288530465949821 0.38993288590604025 0.026881720430107527 0.020134228187919462
0 0.49731182795698925 0.38187919463087244 0.05555555555555555 0.04161073825503356
0 0.514336917562724 0.5248322147651007 0.23297491039426524 0.174496644295302
0 0.5887096774193549 0.39798657718120806 0.026881720430107527 0.020134228187919462
0 0.8664874551971327 0.5093959731543624 0.008960573476702509 0.006711409395973154
0 0.9551971326164874 0.43221476510067114 0.017921146953405017 0.013422818791946308
0 0.9686379928315412 0.5147651006711409 0.016129032258064516 0.012080536912751677
0 0.7553763440860215 0.6288590604026846 0.01971326164874552 0.01476510067114094
0 0.04390681003584229 0.7590604026845638 0.01971326164874552 0.01476510067114094
0 0.7410394265232975 0.8516778523489933 0.012544802867383513 0.009395973154362415
0 0.521505376344086 0.8906040268456376 0.007168458781362007 0.006711409395973154
0 0.5806451612903226 0.8691275167785234 0.014336917562724014 0.012080536912751677
0 0.7544802867383512 0.8228187919463087 0.017921146953405017 0.013422818791946308
0 0.6326164874551972 0.8738255033557046 0.010752688172043012 0.008053691275167784
0 0.4229390681003584 0.8798657718120805 0.014336917562724014 0.012080536912751677
0 0.2132616487455197 0.8986577181208053 0.010752688172043012 0.009395973154362415
0 0.6084229390681004 0.8986577181208053 0.012544802867383513 0.009395973154362415
0 0.7150537634408602 0.9006711409395972 0.017921146953405017 0.013422818791946308
0 0.01971326164874552 0.9214765100671141 0.010752688172043012 0.006711409395973154
0 0.532258064516129 0.8610738255033556 0.017921146953405017 0.01476510067114094
0 0.6057347670250897 0.8718120805369127 0.017921146953405017 0.012080536912751677
0 0.21774193548387097 0.9120805369127516 0.016129032258064516 0.012080536912751677
0 0.6684587813620072 0.8973154362416107 0.017921146953405017 0.01476510067114094
0 0.6863799283154122 0.8993288590604026 0.017921146953405017 0.013422818791946308
0 0.8897849462365591 0.9738255033557046 0.016129032258064516 0.012080536912751677
0 0.05017921146953405 0.9375838926174496 0.017921146953405017 0.012080536912751677
0 0.8198924731182796 0.9805369127516778 0.01971326164874552 0.01476510067114094
