0 0.7504960317460317 0.038566468253968256 0.011574074074074073 0.008680555555555556
0 0.9895833333333334 0.14967757936507936 0.016203703703703703 0.012152777777777778
0 0.9553571428571429 0.24107142857142858 0.015873015873015872 0.011904761904761904
0 0.24322089947089948 0.34759424603174605 0.012235449735449735 0.009176587301587302
0 0.16947751322751323 0.3664434523809524 0.017526455026455025 0.01314484126984127
0 0.6499669312169312 0.3490823412698413 0.018849206349206348 0.014136904761904762
0 0.33019179894179895 0.39025297619047616 0.026124338624338623 0.019593253968253968
0 0.4973544973544973 0.38244047619047616 0.05555555555555555 0.041666666666666664
0 0.5158730158730159 0.5252976190476191 0.2328042328042328 0.1746031746031746
0 0.5896164021164021 0.39880952380952384 0.027116402116402115 0.020337301587301588
0 0.8672288359788359 0.5102926587301587 0.00958994708994709 0.007192460317460317
0 0.9566798941798942 0.4330357142857143 0.017857142857142856 0.013392857142857142
0 0.9699074074074074 0.5158730158730159 0.016534391534391533 0.01240079365079365
0 0.7559523809523809 0.6294642857142857 0.01984126984126984 0.01488095238095238
0 0.0441468253968254 0.759796626984127 0.01951058201058201 0.014632936507936508
0 0.7410714285714286 0.8529265873015873 0.012566137566137565 0.009424603174603174
0 0.5223214285714286 0.8909970238095238 0.008267195767195767 0.006200396825396825
0 0.5815145502645502 0.8701636904761905 0.015542328042328041 0.011656746031746032
0 0.7549603174603174 0.8234126984126984 0.017195767195767195 0.012896825396825396
0 0.6335978835978836 0.8740079365079365 0.010582010582010581 0.007936507936507936
0 0.4246031746031746 0.8804563492063492 0.01455026455026455 0.010912698412698412
0 0.21428571428571427 0.8990575396825397 0.011904761904761904 0.008928571428571428
0 0.609457671957672 0.8993055555555556 0.012566137566137565 0.009424603174603174
0 0.7162698412698413 0.9015376984126984 0.017195767195767195 0.012896825396825396
0 0.02099867724867725 0.9222470238095238 0.01025132275132275 0.007688492063492063
0 0.533234126984127 0.8614831349206349 0.018849206349206348 0.014136904761904762
0 0.6068121693121693 0.8722718253968254 0.017195767195767195 0.012896825396825396
0 0.21825396825396826 0.9131944444444444 0.016534391534391533 0.01240079365079365
0 0.6691468253968254 0.8976934523809523 0.018849206349206348 0.014136904761904762
0 0.6868386243386243 0.8995535714285714 0.017857142857142856 0.013392857142857142
0 0.8910383597883598 0.974578373015873 0.015542328042328041 0.011656746031746032
0 0.05076058201058201 0.9383680555555556 0.017526455026455025 0.01314484126984127
0 0.8204365079365079 0.9809027777777778 0.01984126984126984 0.01488095238095238
